120.553 	23.463	-14.5	4.9	2.8	0	0	0.1
120.3573	22.8033	-38	-7.1	1.1	0	0	0
120.8133	23.5082	-27.9	6.7	1.7	0	0	0.1
121.5251	24.9593	6.6	1.5	-1.8	0.1	0.1	0.4
121.5247	24.9591	2.7	4.2	-1.9	0	0	0
121.4261	24.6995	-1.3	9.4	-0.5	0	0	0
121.4421	24.9977	2.9	3.7	-0.6	0	0	0
120.3054	22.6931	-47.6	-21.7	1.4	0	0	0.1
120.1719	23.3806	-2	2.3	-22.6	0	0	0.1
119.9746	26.2156	1.7	1.6	-1.8	0	0	0
120.9674	22.5328	-33	11.3	-3.3	0.1	0.1	0.2
120.0634	23.0814	-1.7	1.5	-6.3	0	0	0
121.5712	24.1717	-7	7.1	6.8	0	0	0.1
121.293 	23.0394	-52.3	47.4	-1.6	0.1	0	0.2
120.6124	23.4179	-24.6	6.9	1.7	0	0	0.1
120.5772	23.3617	-25.2	5.8	5.2	0	0	0
120.6887	23.9794	-6	4.1	-2.7	0	0	0
121.2231	23.1035	-50	33.3	-0.7	0.1	0.1	0.2
121.2264	23.1029	-41.7	38.7	-5.7	0.1	0.1	0.2
121.2299	23.1039	-46	36.5	4.5	0.2	0.1	0.4
121.2328	23.0989	-50.4	34.4	5.1	0.1	0.1	0.2
121.2329	23.0986	-50.2	43.7	5	0.1	0.1	0.3
121.2647	23.1049	-47.4	44.8	2.3	0.1	0.1	0.4
121.3736	23.0974	-52.3	45.8	-2.7	0	0	0
121.3745	23.0983	-51.3	45.4	0.7	0	0	0
120.4332	23.496	-7.4	4.5	-0.7	0	0	0
120.3187	22.5872	-49.1	-18.9	1.1	0.1	0.1	0.2
121.206 	23.1158	-32.4	19.7	-7.7	0	0	0.1
120.5822	24.271	-2.2	2.4	-3.2	0	0	0.1
120.8289	23.9454	-21.7	13	3.1	0	0	0
120.0928	23.0558	-2.8	-0.2	-3.9	0	0	0.1
120.5635	23.3771	-19	6.3	13.2	0	0	0.1
121.6619	24.1492	-9.6	2.6	-2.7	0	0	0
120.2891	23.8603	0.2	2.1	-4.1	0	0	0
121.23  	23.75	-23.9	20	4	0	0	0.1
120.5573	24.0661	-2.2	1.9	-0.5	0	0	0.1
120.6047	23.4387	-17.7	5.2	8.4	0	0	0.1
121.1257	23.1324	-32	16.9	1.8	0	0	0.1
121.3931	23.4529	-46	41.2	-6.3	0	0	0
120.1402	23.4508	0.6	-2.1	-30.5	0	0	0.1
120.2908	23.3933	-4.1	0.2	-4.1	0	0	0
119.43  	23.2046	1.2	1.3	-0.6	0	0	0
120.4812	22.8896	-47.4	-3.5	2.1	0	0	0.1
120.2105	22.9759	-11.9	-1.2	1	0	0	0
120.22  	22.9989	-12	0.2	2.6	0	0	0.1
121.512 	24.6023	4.8	7	3.7	0	0	0
120.5796	22.4301	-54.1	1.2	-15.1	0	0	0
121.4455	23.4969	-51.1	41.5	-1.1	0.1	0	0.1
120.2778	22.7547	-38.6	-11	-1.3	0	0	0
121.2192	23.1129	-33.3	23.6	-18.6	0.4	0.4	1.3
121.2209	23.1044	-34.6	21.6	-13	0.1	0.1	0.2
121.2123	23.1084	-34.4	20.8	-7.7	0.1	0.1	0.2
121.19  	23.1133	-34.7	17.2	-7.8	0.1	0.1	0.3
121.1623	23.1107	-33.9	17	-0.8	0.1	0.1	0.2
121.5139	25.0377	1.8	5.9	4.7	0	0	0.1
120.4528	23.473	-9.7	5.6	-1.3	0	0	0
120.4373	23.2189	-14.2	9.4	4.4	0	0.1	0.1
120.8718	24.4229	-4.2	4.1	-1.2	0	0	0
120.865 	22.3113	-43.3	15.2	0.6	0	0	0.1
120.3978	22.5926	-45.5	-15.6	3.4	0.1	0.1	0.1
120.5544	23.5583	-10.9	6.6	-2	0	0	0.1
120.3614	23.1195	-15.5	-1.5	3.3	0.1	0.1	0.4
120.7519	22.2041	-45.9	8.7	-0.6	0	0	0.1
120.9444	22.4784	-37.7	11.4	7	0.1	0.2	0.7
120.4354	22.6879	-53.5	-6.1	-7.7	0.2	0.2	0.5
120.89  	22.3406	-42.3	16	-3.1	0	0	0
121.2806	23.2132	-44.9	40.7	3.3	0	0	0
120.2168	22.9188	-31.7	-7.1	-3.7	0.2	0.2	0.6
120.5265	22.408	-50.6	0.9	-47.7	0.6	0.5	2.2
120.448 	23.6738	-2	4.8	-13.1	0	0	0
121.14  	23.75	-34.8	16.2	12.9	0.1	0.1	0.1
121.4823	23.6851	-33.7	27.8	1.3	0.1	0.1	0.2
119.6674	23.2573	-1.6	0.5	1.4	0.3	0.3	0.8
120.7035	22.9156	-54	2.4	6.8	0	0	0
120.4897	26.3677	1.7	1.2	-2.1	0	0	0
120.8269	24.2627	-5.2	6.2	2.2	0	0	0
120.9328	24.0431	-21.1	11.7	2.9	0	0	0
121.398 	23.6312	-28.6	22.4	-8.2	0	0	0.1
121.3306	23.0257	-49.2	45.9	2.5	0	0	0.1
121.4345	25.0715	0.6	4.4	-0.2	0.1	0.1	0.3
120.4196	23.7976	0.3	1.6	-17.7	0	0	0.1
121.1661	22.9422	-54.2	43.8	7.1	0.1	0.1	0.2
120.5936	22.3653	-54.7	2.1	-6.8	0	0	0
121.1982	24.1062	-21.7	13	8.2	0	0	0.1
120.6495	24.1783	-3.2	3	-2.6	0	0	0.1
121.2498	24.8507	0.1	4	-0.8	0	0	0
121.5194	23.5985	-45.8	46.8	-9.5	0	0	0.1
121.7811	25.0711	4.9	2.5	-1.1	0	0	0
120.862 	23.6884	-27.3	10.3	5.9	0.2	0.2	0.7
120.8563	23.6836	-29.3	9.7	5.2	0	0.1	0.3
121.4534	23.7463	-29	24	-5.2	0	0	0
121.9375	25.0204	5.1	-0.6	-2.4	0	0	0
120.7245	24.0352	-9.8	6.5	-3.5	0	0	0
121.522 	23.5982	-45.7	48.4	-9	0	0	0.1
120.3511	22.6277	-47.6	-17.9	-1.7	0	0	0.2
120.3122	23.7911	-3.9	-0.4	-15.1	0.4	0.4	1.3
121.3293	23.2507	-44.5	44.2	8.7	0.1	0.1	0.2
121.1922	22.7907	-54	43.1	-2.2	0	0	0
120.3202	23.9223	1.5	2	-18.1	0	0	0.1
120.8233	24.0112	-15.1	12.9	0.9	0	0	0
121.3529	24.8212	-0.7	7.1	-1.5	0	0	0.1
121.3315	24.799	0.5	7.1	-0.3	0	0	0
120.4747	23.9612	-0.9	3.4	-27.9	0.1	0.1	0.3
120.5906	23.0803	-41.5	4.6	10.3	0	0	0.1
120.8226	24.0284	-18.3	8.4	-0.5	0	0	0.1
121.4711	25.0685	1.4	3.9	0.5	0.2	0.2	0.4
120.4025	23.7414	-3.3	-1.4	-39.6	0	0	0.1
120.8381	23.8549	-22.3	12.6	8.3	0.1	0	0.1
120.6175	23.6237	-14.9	8.2	-0.8	0	0	0.1
120.6078	23.6121	-15.3	6.8	0.4	0	0	0
121.4883	25.0562	0.6	4.2	1.3	0.2	0.2	0.5
121.9874	25.0204	3.6	1.8	-2.8	0	0	0.1
121.5082	24.982	1	3.3	-7.2	0	0	0.1
120.9823	24.8097	-17.5	5.5	-2.4	0.1	0	0.1
121.0441	24.7766	-1	5.2	0.4	0	0	0
120.5068	23.5915	-6	3.7	-0.6	0.1	0	0.1
120.5684	23.5671	-12.4	5.2	-1.2	0.1	0	0.1
120.5542	23.4656	-10.2	3.7	0	0.3	0.1	0.3
120.6548	23.4829	-19.4	5.8	3.3	0	0	0.1
121.5015	25.2037	0.7	3.6	-1.6	0	0	0.1
121.6519	25.2086	4	2.6	-0.8	0	0	0
121.4616	25.1461	1.7	4.7	-2.9	0	0.1	0.1
121.4988	25.1336	0.5	4.1	-4.3	0	0	0.1
121.3828	25.053	2	4.1	-2.1	0	0	0
121.4522	25.02	1.1	4.1	-8.2	0	0	0.1
120.9595	24.8032	-0.7	4.4	-2.4	0	0	0
120.9905	24.7666	-0.6	5	-0.6	0	0	0
121.0416	24.7479	-1.1	5.8	-0.8	0	0	0
120.6058	23.5612	-16.8	6	1.9	0.1	0	0.1
120.4738	23.485	-10	4.4	-1.5	0	0	0
121.6798	25.0717	4.5	2.6	-0.4	0	0	0.1
121.9432	24.8419	14.1	-6.9	-18.3	0	0	0.1
120.5124	24.0965	-1	2.3	-3.2	0	0	0
120.6039	24.0913	-2.5	3.2	-3.7	0	0	0
120.6482	24.0937	-3.4	3	-3.8	0	0	0.1
120.5264	24.0256	-1.4	2.1	-7.3	0	0	0
120.6406	23.9867	-3.6	3.6	-2.8	0	0	0
120.5787	23.8249	-4.5	3.7	-2.1	0	0	0.1
120.6463	23.8702	-2.9	3.8	-2.2	0	0	0
120.2136	23.0799	-5.4	1	-4.1	0	0	0.1
120.3176	23.0754	-9.8	0.7	2.7	0	0	0
120.2261	23.0203	-10.9	1.9	0.6	0	0	0
120.2759	23.0188	-15.5	0.5	-2.3	0	0	0
120.3358	23.0271	-19.1	-2.1	2.1	0	0	0.1
120.187 	22.9637	-10.1	1.3	-2.5	0	0	0
120.2763	22.9361	-22.5	0.3	2.6	0	0	0
120.3085	22.9358	-23.4	-0.4	2.6	0	0	0
120.6253	24.362	-1.3	2.9	-2.3	0	0	0
120.7154	24.3286	-3	3.9	-2.1	0	0	0
120.6006	24.2798	-1.2	2.6	-3	0	0	0
120.5296	24.1844	-0.9	2.5	-2.5	0	0	0
120.5763	24.1812	-1.2	3.1	-3	0	0	0
120.4449	23.3776	-10.5	3.8	-3.6	0	0	0.1
120.452 	23.2732	-19.4	4.5	3.6	0.1	0	0.1
120.3736	23.2572	-9	4.4	-2.4	0	0	0.1
120.4004	23.2222	-14.6	3.6	7.6	0	0	0.1
120.728 	22.7525	-55.6	3.8	6.6	0	0	0.1
120.6395	22.5297	-55.6	3.1	1.6	0	0	0.1
120.737 	21.9506	-36.2	6.3	-33.2	0.1	0.1	0.2
121.1737	24.0355	-23.9	17.2	17.5	0.2	0.2	1
121.1696	24.0309	-19.6	6	9.4	0.3	0.3	1
121.1762	24.0309	-23.4	3.5	2.1	0.2	0.2	1.2
120.5401	23.0002	-45.7	-2.2	5.1	0	0	0.1
120.6547	23.034	-48.8	1.1	7.5	0	0	0.1
120.3983	22.84	-39	-5.4	8.2	0	0	0.1
120.4521	22.8371	-52.8	-2.7	1.9	0.1	0.1	0.2
120.6022	22.8507	-54.1	1	0.9	0	0	0.1
120.6017	22.7039	-55.4	1.8	-0.6	0	0	0.1
120.7649	22.1275	-46.3	9.6	2.9	0	0	0.1
120.8389	22.1264	-42.2	15.5	-0.5	0	0	0.1
120.7044	22.0574	-48.7	1.6	-0.4	0	0	0.1
120.8097	22.0075	-41.2	14.2	1.8	0	0	0.1
121.2005	24.6788	-1.2	8.8	0.3	0	0	0.1
121.243 	24.7335	0.4	8.8	0.8	0	0	0.1
120.6268	23.5433	-17.9	6	3.6	0	0	0.1
120.7121	23.4076	-30.5	5	4.3	0	0	0.1
120.7415	23.4562	-29.4	6	3.7	0	0	0.1
120.6752	23.3397	-29.9	5.2	0.9	0	0	0.1
120.4877	23.6071	-6.1	3.6	-4.8	0	0	0.1
121.378 	24.9678	4.5	2.2	5.5	0	0	0.1
121.79  	24.7967	7.4	-3.2	-6.5	0	0.1	0.2
121.7131	24.6675	17.7	-2.6	-4.1	0.1	0.1	0.2
121.8292	24.6647	21.4	-15.8	-6.3	0	0	0.1
120.353 	22.9711	-24.8	-3.8	-0.3	0.1	0.1	0.6
120.4598	22.9392	-37.9	-3.6	2.1	0.1	0.1	0.3
120.4941	22.8856	-49.6	-3.5	-2.2	0.1	0.1	0.2
120.3707	22.8353	-36.9	-8.6	8.7	0.1	0.1	0.3
120.4053	22.7776	-56.2	-10.1	-2.2	0.1	0.1	0.3
120.4656	22.8478	-45.7	-5.5	1.3	0.4	0.2	0.5
120.2996	22.8957	-28.5	-4.4	-0.3	0.2	0.1	0.3
120.3606	22.8642	-33.5	-6.8	5	0.1	0.1	0.4
120.3121	22.8149	-42.2	-9.6	-12	0.3	0.3	1
120.8328	24.3126	-7.5	4.1	-0.9	0.1	0.1	0.2
120.7432	23.984	-13.4	7.9	0.1	0.1	0.1	0.2
120.8567	23.8098	-25.8	12	6.3	0.1	0.1	0.3
120.7351	21.9695	-51.4	3.7	-1.6	0.1	0.1	0.3
121.1377	24.9197	0.2	4.9	2	0.1	0.1	0.3
120.348 	23.0685	-23	1	8.8	0.2	0.2	0.7
120.3127	23.034	-24.2	-0.2	5.8	0.2	0.2	0.7
120.9283	24.7852	-2.7	1.8	-1.1	0.3	0.3	0.9
120.9232	24.5466	-9.3	6.5	1.9	0.3	0.3	1.1
121.5585	25.1655	2.3	-5.9	-3.6	2.9	3	8
121.391 	23.6074	-30.1	24.2	-10.9	0	0	0.1
121.007 	24.203	-15.7	10	8.6	0.2	0.2	0.7
120.5888	23.6459	-7.3	6.4	-1.3	0	0	0
121.0066	24.2022	-14.1	13.5	6.6	0	0	0.1
121.1584	23.0483	-32.7	30	39.8	4.9	4.2	12.7
121.6871	24.6095	21.2	-1.2	-0.8	0	0	0
121.014 	24.8273	-0.6	3.7	-3.4	0.1	0.1	0.1
120.9846	24.7925	-0.8	5.1	-1.7	0	0	0.1
120.7465	22.0039	-50.8	3.1	-3.8	0	0	0
121.5809	25.2944	2.8	3.3	-2.2	0	0	0
120.7741	24.6464	-0.7	3.8	-1.7	0	0	0
120.7742	24.6464	-0.8	4.8	-1.3	0.2	0.2	0.7
120.3478	23.6866	-1.3	4	-46	0	0	0.1
120.7741	24.6464	-0.8	5.2	0	0.1	0.1	0.4
120.9942	23.793	-34.3	15.7	4.9	0	0	0.1
120.4791	23.9484	2	8	-29.9	0	0	0.1
121.3081	24.3377	-6.8	12.5	6.9	0	0	0.1
120.1349	23.1884	-1.1	-0.3	-9.4	0	0	0
120.8949	24.1708	-18.3	6.8	-3.4	0	0	0.1
121.4051	23.5553	-38	31.9	-14.7	0	0	0.1
121.0143	24.8278	0.5	4.3	-2.3	0	0	0
121.0265	24.2806	-16.2	13.9	-4.8	0	0	0.1
121.6135	23.9754	-22.2	14.6	-5.4	0	0	0.1
121.2726	24.1435	-18.7	18.3	3.7	0	0	0
121.7494	24.309	6.5	-9.6	-2.8	0	0	0.1
119.6694	23.5664	0.5	1.1	-1.7	0	0	0
120.2866	23.7294	-0.2	2.8	-25.5	0	0	0.1
121.0294	24.0923	-22.4	12.4	4.2	0	0	0.1
121.3454	23.4946	-30.1	20.4	-9.5	0.1	0.1	0.2
121.519 	24.5278	11.2	21.8	-3.5	0.1	0.1	0.3
120.2793	23.3607	-4.4	2.5	-9	0	0	0
121.7566	24.764	9.1	-2.8	-8	0	0	0
120.5474	23.5137	-12.9	5.1	1.1	0	0	0
120.5767	23.6153	-8.7	6	-0.3	0	0	0
119.6134	23.7414	0.5	0.9	-1.6	0	0	0
120.6228	22.33	-53.5	2.2	0.1	0	0	0
121.391 	23.4929	-35.5	24.9	-12.4	0.1	0.1	0.2
118.4474	24.4171	2	1.3	-2	0	0	0
118.4218	24.5037	2	1.5	-1.3	0	0	0
120.524 	23.423	-13.3	5.4	1.3	0	0	0
121.3714	23.5316	-31.4	25.4	-9.8	0	0	0
121.3589	23.3411	-42	46.5	5.6	0	0	0
120.6809	23.7612	-9.7	3.9	7.1	0.1	0.1	0.4
121.4239	23.492	-44.6	42.5	-0.8	0	0	0.1
120.5542	23.5224	-13.3	5.5	-0.3	0	0	0
121.3182	23.3417	-30.1	25.3	-11.7	0	0	0
120.8754	24.6839	-2.1	5	1.6	0	0	0
120.4973	23.2197	-24.8	2.2	10.3	0	0	0.1
121.2263	24.2425	-9	18.8	2.9	0	0	0
119.971 	25.9597	1.2	1.5	-1.6	0	0	0
121.1165	23.9876	-37.1	14.4	5.1	0.1	0	0
120.2883	22.6145	-45.4	-20.3	-2.9	0	0	0
120.633 	22.8102	-57.9	0.5	4	0.1	0.1	0.1
120.327 	23.1712	-12	0.8	-4.8	0.2	0.1	0.3
120.782 	21.9494	-46.8	9.9	2.7	0	0	0
121.1168	23.9877	-29.6	12	0.9	0.1	0.1	0.2
120.253 	22.8559	-42.9	-9.5	4.5	0.2	0.2	0.5
118.2892	24.4074	3.6	1.9	-2.6	0.8	0.9	3.1
118.334 	24.4505	0.5	1.6	-1.4	0.1	0.1	0.2
120.508 	23.3311	-24.5	4.6	5.7	0.2	0.2	0.4
118.3886	24.4638	1.8	0.8	-1	0	0	0
121.5057	23.4722	-48.5	50	-8.4	0	0	0.1
121.176 	24.7767	-1.3	5.6	-1.7	0	0	0
120.3343	23.6266	-1.6	5.2	-44.9	0	0	0.1
121.1634	23.0496	-35.9	18	-12.6	1	0.9	3.2
121.1643	23.0497	-29.2	16.1	-6.4	0	0	0.1
120.507 	23.331	-23.3	4.7	6.4	0	0	0.1
121.0804	25.041	0.5	2.5	1.8	0	0	0.1
120.698 	23.9462	-6.4	3.8	-4.6	0	0	0
120.6975	23.9457	-10.3	-1.7	-11	0.1	0.1	0.1
120.7399	23.5294	-26	6.1	4.8	0	0	0.1
121.5581	22.0373	-68.1	49.2	1.1	0	0.1	0.1
120.6873	22.4119	-54	3.4	-2.9	0	0	0.2
120.5122	22.4323	-47.7	-5.7	-45	0.6	0.5	2
118.2393	24.4407	1.2	1.2	-1.3	0	0	0
120.635 	22.9938	-57.1	-1.8	1.7	0.2	0.2	0.5
120.6354	22.9929	-51.1	1.5	2.8	0.1	0	0.2
120.3292	22.8833	-28.8	-3	-0.9	0.1	0.1	0.2
120.5279	22.7586	-56	-2	-2.2	0	0	0
120.3687	22.3462	-51.9	-25	-0.1	0.2	0.2	0.4
120.3691	22.3467	-50.7	-23.7	-2.2	0.2	0.1	0.5
120.7818	24.3431	-2.9	2.3	1.3	0	0	0.1
120.4026	22.9946	-22.7	-5.5	10.4	0	0	0.1
121.9178	25.1003	3.5	2.6	-1.2	0.1	0.1	0.2
121.9181	25.0974	3.8	1.8	0.2	0	0	0
120.5922	23.7574	-3.6	3.8	-3.6	0	0	0.1
121.3782	25.0764	3	5	-4.4	0	0	0.1
121.1306	22.9063	-38.7	23.7	1.6	0	0	0
120.7012	23.4686	-24.7	6.1	2.6	0	0	0
121.1822	24.0293	-23.8	11.8	8	0	0	0
120.6342	24.1534	-3.1	3	-2.9	0	0	0.1
120.6341	24.1533	-28.3	11.7	-3.1	0.1	0.1	0.2
121.7716	24.7	15.1	-5.1	-7.1	0	0	0
121.4759	22.6581	-66.8	48.4	2.7	0	0	0
120.7477	23.7523	-18.8	10.4	1.9	0.1	0	0.2
120.3488	23.227	-7.1	3.4	0.1	0.1	0.1	0.2
120.4351	24.06	-2.1	-0.6	-5.7	0	0	0
121.186 	24.0352	-21.5	10.5	-0.7	0	0	0.2
120.6521	22.7076	-59	2.6	1.7	0	0	0.1
119.9231	26.1694	0.8	1.9	-3.1	0	0	0
120.6967	23.2404	-34.1	4.3	7.7	0.1	0.1	0.2
120.1999	23.6526	-1.8	3.3	-33.2	0.1	0.1	0.4
120.8263	23.2636	-32.9	5.9	4.3	0	0	0.1
121.1725	24.0822	-29.2	17.8	6	0	0	0.1
120.8103	24.5834	-2.9	3.6	-1.2	0	0	0
120.7209	23.2754	-31.3	6.5	3.7	0	0	0
120.2632	22.7959	-25.3	-5.4	-1.3	0	0	0.1
120.554 	22.9	-52	-0.4	-0.1	0.1	0.1	0.2
120.5538	22.9	-45.2	8.3	4.1	0.3	0.1	0.4
121.0269	23.2005	-32.7	6.8	3.4	0.1	0	0.1
120.5573	23.5779	-10	6.7	1.7	0	0	0
120.8372	22.1762	-47.4	10.3	9.9	0.1	0.1	0.5
119.9332	26.1571	1.6	1.7	-0.3	0	0	0
121.8102	24.4493	9.3	-15.5	-5	0	0	0.1
120.2744	23.102	-6.6	0.3	-1.3	0	0	0
120.3263	22.7282	-55.9	-14.5	6.9	0.1	0	0.2
120.2758	22.9385	-22.5	-0.4	2.6	0	0	0
120.9973	24.7888	-0.7	1.7	-0.2	0	0	0.1
121.5508	23.8972	-26.5	18.5	-6.6	0	0	0
120.4201	22.9081	-37	-2.8	9.8	0	0	0.1
121.28  	24.05	-20.5	18.5	0.3	0	0	0
121.453 	23.4062	-44.1	47.9	-3.6	0	0	0.1
121.4121	23.2433	-48.8	47.7	-3.1	0.1	0.1	0.2
121.5616	24.6348	6.3	6.8	2.2	0	0	0.1
120.4403	23.397	-9.9	2.7	-6.8	0	0	0.1
120.5714	22.5039	-55.8	0.6	-9.9	0	0	0
121.4139	23.2443	-48.9	48.5	-2.6	0	0	0.1
121.3828	24.4282	-3	10.6	11.4	0	0	0.1
120.8009	24.2258	-13	5	1.4	0	0	0
121.5368	25.0213	-0.3	2.6	2.4	0.1	0.1	0.4
120.4276	23.733	-3.3	2.4	-30.9	0.1	0.1	0.2
120.636 	23.9157	-4.1	3	-2.2	0	0	0
119.5637	23.5652	3.1	0.4	1.6	0	0	0
120.9231	24.708	-2.5	5.1	-1.2	0.1	0.1	0.4
120.7029	23.1086	-41.6	4.5	13.5	0	0	0
120.9503	24.7149	-1.7	5.6	0	0	0	0
120.169 	23.294	-2.4	1.7	-17.3	0	0	0.1
121.1231	22.8011	-49.9	8.2	-2.2	0.1	0.1	0.1
120.976 	24.5388	-3.8	6.8	-3.9	0	0	0.1
121.6103	24.0179	-18.5	9.5	-1.3	0	0	0.1
121.4543	23.3195	-48.3	51.4	-3	0	0	0.1
120.6406	23.7561	-4.3	3.9	-5.2	0	0	0
120.3055	23.5799	-1	3.7	-20.2	0	0	0
121.0864	24.5788	-4.5	10.1	-0.3	0.1	0.1	0.3
121.0866	24.5789	-1.6	9.9	-0.1	0	0	0
120.982 	23.9739	-26	12	0.6	0	0	0.1
121.714 	24.9336	2.2	2.1	0.8	0	0	0.1
122.0794	25.6275	2.2	2.5	0.6	0	0	0
121.4   	24.01	-19.1	15.2	6.8	0	0	0
120.4653	22.4739	-45.2	-14.7	-8.2	0.2	0.2	0.7
120.4597	22.6499	-55.5	-7.1	2.9	0	0	0.1
120.5262	23.9697	-2.8	1.8	-16	0.2	0.2	0.4
120.5201	23.9649	-0.8	1.2	-13.2	0	0	0.1
120.5086	23.4589	-12.5	4.5	0.6	0	0	0.1
120.5956	23.1731	-29.9	7.7	7.2	0.1	0.1	0.4
120.3395	23.2054	-7.4	1.6	-1	0	0	0
120.4883	23.0595	-34.1	2	5.2	0	0	0.1
120.8029	24.1795	-15.7	3.2	-0.7	0	0	0
119.5924	23.6553	0	0	0	0	0	0
121.4544	23.3194	-49.9	50.6	-5.4	0.2	0.1	0.3
120.5285	23.1849	-31.3	3.8	6.1	0.1	0.1	0.3
121.6139	25.0405	3.2	2.7	-0.8	0	0	0
121.5582	22.0372	-69.3	52.2	3.9	0	0	0.1
120.4752	23.5644	-6.3	3.1	0	0	0	0
121.1894	22.8208	-52.8	43.1	1.7	0	0	0.1
121.1129	22.9517	-31	13.7	-2.4	0	0	0.1
120.3341	23.0508	-15.1	-3.3	2.4	0	0	0
120.9341	23.9544	-26	11.9	5.5	0	0	0
120.5033	22.9423	-46.1	-0.4	1.1	0	0	0.1
120.7676	23.746	-24.6	10.8	-0.2	0	0	0
120.6062	22.645	-52.7	2.2	-0.3	0	0	0
120.2995	22.6476	-40.7	-20.4	1.4	0.1	0.1	0.3
120.7692	24.4136	-3.4	4.6	1.5	0.2	0.2	0.4
120.6406	22.7173	-56.4	2.1	1.3	0	0	0
120.7687	24.4143	-2.3	3.8	-5.2	0	0	0.2
121.5009	25.2608	1.5	2.7	-3	0	0	0
120.7686	23.6645	-22.9	12.8	1.3	0	0	0.1
120.4118	22.4795	-46.5	-16.2	-4	0.1	0.1	0.2
120.1247	23.3014	-3.9	2.3	-19.7	0	0	0.1
121.6516	24.1278	-11.9	4.1	-3.4	0	0	0.1
121.0102	24.9329	0	1.8	-2.2	0	0	0
120.3497	22.5813	-44.8	-17.5	-2.9	0	0	0.1
120.6919	24.2716	-3.1	3.7	-4.3	0	0	0
121.1995	23.1089	-28	18	-9.1	0	0	0.1
120.922 	24.8451	-0.4	3.3	-2.1	0	0	0
120.5783	24.1444	-1	2.8	-4.7	0	0	0
121.5622	25.2915	1.4	3.1	-1.6	0	0	0
121.5627	23.7876	-25.9	31.1	-16	0	0	0.1
120.3478	23.0214	-19.7	-2.8	2.2	0	0	0.1
121.6544	24.1257	-12.1	5.5	-2.7	0	0	0.1
120.646 	23.1604	-34.2	3.4	8.9	0	0	0.1
121.5424	24.9668	2.9	4	-2.2	0	0	0.1
121.2546	22.9083	-49.9	43.9	-1.4	0	0	0.1
120.8532	23.6965	-26	11.8	6.6	0	0	0.1
120.4982	23.8538	-4.1	-0.6	-27.1	0	0	0.1
120.4813	23.4285	-12	3.7	-0.2	0	0	0.1
120.2472	23.5732	-2.7	3.3	-36.7	0.4	0.4	1.3
121.4414	23.8119	-25.4	19.2	-2.3	0	0	0.1
121.6356	24.7531	5.2	1.8	-0.4	0	0	0
121.5982	23.8703	-23.1	28.8	-14.7	0	0	0.1
120.9858	24.3978	-8.1	8.2	-1.8	0	0	0
121.4849	24.205	-6.8	10.2	11	0	0	0.1
120.3944	23.9379	-0.7	1.9	-26.3	0	0	0.1
120.3778	23.4141	-7.7	3.8	-0.9	0	0	0
120.9793	24.6356	-0.8	6.8	-0.5	0	0	0.1
121.8679	24.5939	21.2	-21.5	-5.7	0	0	0.1
120.2999	23.4776	-3.3	2.2	-5.7	0	0	0
121.8671	24.5924	21.2	-23.5	-5.6	0	0	0
120.9091	24.2915	-8.3	4.4	1.2	0.2	0.1	0.4
120.9076	24.2911	-5.8	3.9	3.4	0	0	0.1
120.9084	23.8812	-24.9	13.1	5.7	0.1	0	0.1
120.9868	23.248	-1.5	7.6	-27.4	0.1	0.1	0.4
121.3236	23.0203	-44.6	48.4	5.9	0.1	0.1	0.1
121.2768	23.016	-42.9	48	6.8	0.1	0.1	0.2
121.2674	23.155	-41.6	46.8	16.1	0	0	0.1
121.2402	23.1548	-41.7	43.9	14.5	0	0.1	0.1
121.2274	23.1555	-25.4	17.8	-10.4	0.1	0	0.1
121.219 	23.0953	-43.7	29.2	0.2	0.1	0	0.2
121.174 	23.0058	-51.2	24.5	2.6	0.1	0.1	0.3
121.0799	22.9025	-29.2	5.4	0.4	0.1	0.1	0.2
120.5351	24.2908	-1.1	2.5	-3.3	0	0	0
121.6732	25.0345	4.1	2.3	-1.2	0	0	0
121.4313	25.1787	0.5	4.3	-0.6	0.2	0.2	0.5
121.4269	25.1815	-0.1	0.7	-1.5	0	0	0.1
121.2309	23.1256	-34.3	20.4	-12.1	0	0	0
120.6069	23.5613	-17	6.1	2.3	0	0	0
121.2374	23.1271	-45.5	43.4	9.3	0	0	0
120.5854	23.2508	-29.4	6.8	5.5	0	0	0.1
120.1888	23.7203	2	2.2	-13.7	0	0	0.1
120.6951	24.4613	-2.5	3.1	-1.6	0	0	0.1
120.8871	23.4814	-41	13.5	-0.3	0	0	0.2
120.7642	23.1593	-35.5	5.5	10.5	0	0	0.1
120.9874	24.798	-0.8	4.1	-1.9	0	0	0
121.2308	24.9474	1	4.3	-0.7	0	0	0
120.655 	24.3562	-2	1.5	-2.2	0	0	0
120.9157	23.2778	-24.9	7.2	1.3	0.1	0.1	0.2
121.2956	24.6071	-1.6	10	1.9	0	0	0
120.9407	24.465	-6	8.8	-2.5	0	0	0.1
120.3898	23.688	-1.1	0.9	-50.4	0	0	0.2
120.9599	22.6489	-31.8	13.5	-1.7	0	0	0.1
121.0075	22.6161	-32.4	11.2	-3.7	0	0	0.1
120.9873	24.798	-0.7	3.8	-1.1	0	0	0
120.9248	24.662	-2.2	4.9	-0.8	0	0	0
121.6328	25.2569	3	2.9	-2.1	0	0	0
120.3519	22.9042	-28	-5.6	0.3	0	0	0.1
120.7041	24.4728	-1.3	3.5	-0.8	0	0	0
120.7194	23.6343	-19.5	7.7	3	0	0	0
121.1476	22.7471	-43.8	15.7	0.7	0	0	0.1
121.0807	22.7646	-40.5	12.9	-2.9	0	0	0.1
121.4961	24.5748	6.1	9.2	1.9	0	0	0.2
121.3002	23.0752	-45.7	43.1	-0.1	0	0	0.1
121.4936	23.9652	-22.9	15.6	4.2	0	0	0.1
120.404 	23.3172	-8.5	3.6	-2.8	0	0	0.1
121.1645	24.9536	1.5	2.4	1.6	0	0	0
120.4982	24.1172	-0.8	1.9	-5	0	0	0
120.3735	23.8999	-1	1.8	-40.3	0	0	0.1
120.5815	23.8644	-1.7	1.9	-4.1	0	0	0
120.5495	23.5357	-12.4	5	-1.7	0	0	0
120.6643	23.5408	-19.5	4.5	4.7	0	0	0
120.6955	23.4741	-35.2	-6.5	-0.8	0.1	0.1	0.1
121.6375	25.1693	2.7	1.6	-1.1	0.3	0.3	0.8
120.5263	23.1868	-29.6	5.3	5.8	0	0	0.1
121.6376	25.1694	4.3	2.5	-1.4	0	0	0
120.8852	23.6075	-31	13.6	8.9	0	0	0
121.4409	23.812	-23.3	20.1	-4.3	0	0	0.1
121.3226	23.2787	-51	44.7	10.4	0.3	0.1	0.5
120.5043	22.6061	-51.4	-0.9	-3	0	0	0
120.6995	24.0419	-5.7	4.7	-3.3	0	0	0
120.3477	22.9192	-28.8	-8.3	-2.6	0.1	0.1	0.1
119.4808	23.5675	0	0.8	-1.6	0	0	0
121.0586	24.6746	-1.8	6.8	0	0	0	0.1
120.6326	23.1483	-37.7	3.3	9.3	0.2	0.2	0.4
121.0272	23.9238	-36.5	12.2	5.8	0.1	0	0.1
120.6994	24.0428	-7.4	2.6	-3	0	0	0
121.4007	25.1173	2.3	3.7	-2.6	0	0	0
121.3085	24.3523	-6.5	12.3	5.7	0	0	0
121.0415	23.1693	-34	12.6	12.3	0	0	0.1
120.3682	23.2052	-10.7	0.8	1.6	0	0	0.1
120.5916	23.0814	-37.7	1.6	7.3	0.1	0.1	0.3
121.1853	24.9084	0.8	4.9	0.6	0	0	0
120.3762	22.7635	-56.8	-9.1	1.8	0.1	0.1	0.2
121.6018	23.9035	-26.2	26.2	-10.2	0	0	0.1
121.7457	24.7461	12.2	-0.8	-8.9	0	0	0.1
120.4668	23.1236	-34	5.1	6.5	0.2	0.2	0.6
121.653 	24.6679	12.2	0.6	-2.9	0.2	0.2	0.5
121.5395	25.1789	2.9	3	-1.1	0	0	0.1
121.5607	25.1484	3.8	1.8	1.1	0	0	0.1
121.6049	25.1466	4.5	2	-1.2	0	0	0.1
121.5855	25.1876	1.6	0.7	1.4	0	0.1	0.2
121.5655	25.164	3.5	2.9	-2.2	0	0	0
121.5695	25.1811	1.6	0.6	-3.6	0.1	0.1	0.1
121.548 	25.1781	2.3	2.2	-3.1	0.1	0.1	0.1
121.5486	25.173	2.1	2.1	0.6	0.3	0.3	0.7
121.5795	25.1729	2.3	-2.4	-10.3	2.8	3.1	8.4
121.5894	25.1879	2.4	2.3	0.3	0.1	0	0.1
121.5741	25.1657	2.6	1.2	-0.1	0	0	0
121.7789	24.8617	4.9	2	0	0	0	0
120.5542	23.6261	-6.3	6	-1.1	0	0	0
120.086 	23.1466	0.6	-0.5	-6.1	0	0	0
120.2223	23.7392	-0.7	0.9	-24.7	0	0	0.1
121.3002	23.3214	-33.5	22.4	-3.2	0.1	0.1	0.3
121.3011	23.3409	-29.6	23.9	-10	0	0.1	0.2
120.7986	23.8839	-23.1	9.4	6.7	0	0	0
120.9591	23.4873	-36	8.7	3.9	0.1	0	0.1
120.194 	23.5462	-2.8	2.9	-19.9	0.4	0.4	1.3
121.2727	23.2782	-31.2	20.4	-11.2	0.1	0.1	0.2
120.2176	22.9433	-13.9	-0.5	2.4	0	0	0.1
