>
121.774206 24.313503
121.771485 24.304173
121.765355 24.300443
121.751044 24.285524
121.746274 24.274954
121.746273 24.271224
121.744233 24.260035
121.738782 24.256305
121.729242 24.246355
121.721752 24.243876
121.718342 24.243246
121.711532 24.237656
121.706761 24.225847
121.695861 24.220247
121.687001 24.214028
121.67474  24.207818 
121.67065  24.201599 
121.66384  24.194759 
121.659749 24.182949
121.657708 24.170519
121.661787 24.159329
121.665877 24.153109
121.665196 24.138189
121.662476 24.132589
121.656335 24.124499
121.652595 24.11858 
121.645435 24.1136  
121.643055 24.11205 
121.640325 24.11142 
121.635215 24.108311
121.631475 24.105511
121.626364 24.101151
121.622274 24.093691
121.620914 24.093371
121.618864 24.089951
121.619544 24.088081
121.617163 24.083112
121.615803 24.077192
121.615802 24.063812
121.618862 24.054471
121.618861 24.051991
121.621251 24.046381
121.62908  24.032071 
121.63351  24.026781 
121.636919 24.023671
121.641689 24.02055 
121.644409 24.01931 
121.646109 24.01402 
121.646108 24.01215 
121.647818 24.01059 
121.647818 24.00748 
121.646108 24.00499 
121.641008 23.99877 
121.636577 23.989741
121.633847 23.988191
121.629757 23.983211
121.627717 23.984451
121.622947 23.982271
121.621247 23.979161
121.618857 23.977612
121.611026 23.965162
121.609326 23.962982
121.607616 23.959562
121.606936 23.956132
121.607275 23.950842
121.608295 23.944622
121.609835 23.943692
121.611664 23.932342
121.609834 23.930242
121.608453 23.921842
121.606163 23.917212
121.604782 23.901252
121.605702 23.899982
121.602491 23.876453
121.59882  23.861753 
121.597899 23.857123
121.596519 23.854603
121.590558 23.839053
121.587808 23.831073
121.585508 23.828554
121.584598 23.824354
121.581387 23.816784
121.576337 23.811324
121.572206 23.800814
121.572206 23.791154
121.570825 23.780644
121.571284 23.763834
121.573124 23.761734
121.571284 23.755014
121.568203 23.746065
121.557242 23.725315
121.552862 23.723975
121.549211 23.716606
121.55067  23.700546 
121.55286  23.698535 
121.54921  23.688486 
121.546279 23.675106
121.547009 23.673096
121.544819 23.668406
121.544818 23.666396
121.541168 23.659706
121.543358 23.655016
121.541898 23.652336
121.538248 23.651666
121.533127 23.640957
121.533127 23.636937
121.530206 23.626227
121.530935 23.599447
121.526554 23.586727
121.526553 23.578697
121.522173 23.568657
121.511212 23.552588
121.506831 23.535848
121.509021 23.531168
121.505361 23.529828
121.5039   23.520458  
121.503899 23.507068
121.506089 23.499028
121.504629 23.495678
121.506088 23.491668
121.511938 23.492338
121.514858 23.488988
121.514858 23.484298
121.517048 23.482298
121.509017 23.478948
121.508287 23.470908
121.504627 23.470248
121.501706 23.459528
121.498786 23.450159
121.496265 23.435519
121.496265 23.433589
121.492055 23.427309
121.489424 23.422959
121.486794 23.413289
121.484694 23.411359
121.483113 23.404109
121.481533 23.39686 
121.479423 23.39686 
121.477323 23.39396 
121.476792 23.38865 
121.474692 23.38671 
121.474692 23.37801 
121.471531 23.3698  
121.472581 23.36062 
121.472061 23.35869 
121.471001 23.35579 
121.47258  23.35289  
121.46732  23.34805  
121.467849 23.33211 
121.465739 23.32824 
121.465739 23.32196 
121.464158 23.320511
121.462058 23.316161
121.462058 23.313741
121.459418 23.312291
121.459418 23.313741
121.454688 23.313741
121.448898 23.310361
121.442058 23.304562
121.433637 23.290062
121.433107 23.288132
121.431527 23.287652
121.428367 23.280402
121.427846 23.266872
121.423636 23.263973
121.422056 23.261073
121.420475 23.255753
121.419945 23.252853
121.419945 23.248513
121.417844 23.242713
121.416264 23.236913
121.413634 23.231113
121.416264 23.227243
121.419424 23.228693
121.419423 23.226763
121.417843 23.224343
121.416263 23.221933
121.413633 23.219033
121.409823 23.214073
121.408203 23.213034
121.404153 23.213184
121.400593 23.209014
121.397683 23.207774
121.396062 23.203064
121.395732 23.198834
121.396382 23.193474
121.398332 23.189894
121.397681 23.186324
121.401561 23.180364
121.404151 23.177384
121.402211 23.173664
121.40739  23.169044 
121.40739  23.163674 
121.4061   23.160104  
121.40286  23.158184 
121.405449 23.155334
121.402859 23.151164
121.400269 23.149974
121.398968 23.137454
121.400268 23.132694
121.404148 23.127924
121.407388 23.125544
121.411277 23.124344
121.413217 23.124343
121.417747 23.126623
121.424227 23.126133
121.419047 23.123153
121.412567 23.122563
121.404147 23.114214
121.401557 23.113624
121.397027 23.116604
121.393137 23.109454
121.389257 23.106475
121.385366 23.101105
121.383426 23.095155
121.381486 23.095155
121.378246 23.098125
121.376306 23.095745
121.365936 23.096346
121.360116 23.087996
121.358816 23.085616
121.357516 23.082636
121.354926 23.078466
121.356225 23.076676
121.357515 23.073696
121.349745 23.070127
121.345865 23.059397
121.346514 23.049867
121.344564 23.049267
121.342624 23.043307
121.339383 23.038537
121.338733 23.033767
121.338733 23.027817
121.334852 23.022448
121.336142 23.020068
121.328372 23.015898
121.327722 23.009338
121.327722 23.006958
121.323842 23.004578
121.321901 23.002188
121.322541 22.996228
121.322541 22.993248
121.321251 22.991468
121.31801  22.983718 
121.31124  22.974599 
121.31124  22.973179 
121.30971  22.972339 
121.3094   22.971199  
121.30725  22.970629 
121.30386  22.965249 
121.302019 22.963839
121.300169 22.960719
121.299249 22.959309
121.297099 22.95846 
121.295869 22.95704 
121.295869 22.95506 
121.294639 22.95449 
121.291869 22.95534 
121.286649 22.95279 
121.286949 22.95024 
121.284189 22.94939 
121.281109 22.94316 
121.278958 22.934671
121.278958 22.931551
121.277418 22.929281
121.276498 22.928721
121.274648 22.926451
121.274647 22.923051
121.272187 22.919651
121.271887 22.917671
121.269727 22.915121
121.268197 22.911161
121.263577 22.908611
121.260507 22.904362
121.259586 22.901812
121.259276 22.898702
121.256816 22.897282
121.255586 22.895582
121.255276 22.893882
121.248815 22.883692
121.247285 22.881422
121.243595 22.881422
121.240825 22.880293
121.237755 22.876603
121.237135 22.874623
121.236215 22.873213
121.235295 22.869813
121.236215 22.868113
121.233755 22.865563
121.231605 22.864713
121.228215 22.866693
121.226985 22.867833
121.224835 22.867833
121.221145 22.866414
121.220225 22.864994
121.216225 22.864994
121.214075 22.864714
121.211925 22.863584
121.210075 22.863864
121.208535 22.865284
121.207305 22.864434
121.205465 22.861314
121.201465 22.860185
121.199315 22.858765
121.199005 22.856785
121.197165 22.855085
121.193164 22.853385
121.191824 22.850345
121.189664 22.848755
121.189234 22.846185
121.190314 22.844395
121.189024 22.840425
121.189234 22.839235
121.187723 22.835465
121.186213 22.833885
121.187513 22.829115
121.190523 22.826935
121.192463 22.825345
121.191393 22.823365
121.192463 22.821775
121.193763 22.820785
121.192682 22.819195
121.197832 22.814485
121.196382 22.813145
121.196382 22.811365
121.199292 22.805115
121.199771 22.800205
121.201221 22.799305
121.200741 22.796185
121.199771 22.794395
121.198321 22.794395
121.197831 22.793055
121.196381 22.792165
121.195901 22.791725
121.194931 22.789935
121.192511 22.790385
121.189601 22.791725
121.186701 22.790385
121.183311 22.787706
121.18089  22.782346 
121.1804   22.779226  
121.17992  22.768956 
121.176529 22.759586
121.172659 22.754676
121.164909 22.750657
121.158619 22.748867
121.144088 22.735478
121.135858 22.727448
121.122787 22.715839
121.116497 22.714059
121.109717 22.709589
121.101967 22.70558 
121.097127 22.70513 
121.090347 22.70245 
121.082607 22.698431
121.074857 22.693521
121.066486 22.684722
121.058876 22.678282
121.037306 22.670083
121.032866 22.664803
121.021445 22.647234
121.015094 22.630824
121.014464 22.624964
121.012553 22.620864
121.011282 22.605634
121.010651 22.588644
120.997961 22.578095
120.994151 22.575755
120.984001 22.568136
120.97702  22.553496 
120.968138 22.525377
120.961798 22.510727
120.956077 22.493737
120.954816 22.484357
120.951006 22.474987
120.946565 22.458588
120.939454 22.440868
120.934643 22.429188
120.932233 22.421408
120.927423 22.415849
120.924412 22.406389
120.920801 22.394159
120.915391 22.386929
120.91057  22.36913  
120.90817  22.35856  
120.906969 22.35634 
120.902149 22.35356 
120.897939 22.34188 
120.897339 22.33855 
120.894328 22.33465 
120.891928 22.319081
120.891926 22.290721
120.892135 22.282661
120.893524 22.266181
120.895974 22.26295 
120.894574 22.26069 
120.896324 22.25229 
120.895973 22.24647 
120.897013 22.24163 
120.898763 22.23484 
120.898762 22.23129 
120.898762 22.23032 
120.896322 22.22805 
120.895622 22.22676 
120.894222 22.221271
120.893872 22.216751
120.894921 22.21351 
120.895271 22.20641 
120.896671 22.20511 
120.895971 22.20253 
120.895271 22.20156 
120.893171 22.197361
120.891781 22.197041
120.89073  22.195421 
120.89178  22.185731 
120.89178  22.183791 
120.894569 22.177001
120.893519 22.175711
120.894219 22.172161
120.893169 22.168931
120.892469 22.165701
120.891779 22.164731
120.891429 22.162461
120.893518 22.158261
120.893518 22.155361
120.892468 22.151161
120.891428 22.147921
120.893518 22.145661
120.896317 22.14405 
120.896047 22.14028 
120.894027 22.138401
120.892807 22.138401
120.889967 22.135771
120.889157 22.135401
120.886317 22.133891
120.885107 22.132391
120.887127 22.131261
120.887127 22.128631
120.886317 22.127501
120.887127 22.125251
120.886316 22.124121
120.888346 22.122621
120.887936 22.120741
120.887936 22.119611
120.889156 22.118111
120.889156 22.115851
120.890376 22.115481
120.891186 22.113981
120.892396 22.111351
120.893616 22.109091
120.894426 22.109091
120.900105 22.10609 
120.901315 22.10609 
120.902535 22.10533 
120.899295 22.10233 
120.898885 22.1012  
120.898485 22.09857 
120.898485 22.09782 
120.898485 22.09331 
120.897675 22.09218 
120.894834 22.089931
120.892804 22.087291
120.890774 22.087291
120.891584 22.085041
120.891584 22.081281
120.891184 22.077901
120.891584 22.074891
120.892803 22.072641
120.892803 22.070011
120.892803 22.066251
120.893613 22.063621
120.893613 22.059861
120.893213 22.057981
120.894022 22.055351
120.893612 22.054231
120.893212 22.051971
120.893612 22.049721
120.893612 22.047461
120.895232 22.045961
120.896852 22.042951
120.896852 22.041451
120.898071 22.03882 
120.899291 22.03882 
120.899291 22.03807 
120.901311 22.03431 
120.897261 22.032431
120.893611 22.030171
120.889151 22.026791
120.888341 22.026421
120.887121 22.023041
120.887121 22.018901
120.88712  22.017401 
120.8855   22.016271  
120.88145  22.013261 
120.87699  22.012892 
120.87699  22.011392 
120.87699  22.008762 
120.8782   22.007631  
120.8782   22.006501  
120.87699  22.006132 
120.87618  22.001992 
120.87374  21.998232 
120.8709   21.997482  
120.869689 21.995982
120.867259 21.995602
120.865229 21.994102
120.861979 21.991842
120.857929 21.991092
120.857119 21.989973
120.852659 21.988843
120.850229 21.989593
120.846169 21.987713
120.845769 21.984333
120.844549 21.982083
120.844869 21.978913
120.845849 21.977883
120.845849 21.975203
120.844158 21.967593
120.842078 21.963843
120.840958 21.957003
120.842007 21.952403
120.841347 21.949943
120.845127 21.942913
120.845007 21.941773
120.846627 21.939913
120.849496 21.931933
120.852316 21.930483
120.854736 21.927653
120.856366 21.923913
120.858175 21.922283
120.860535 21.917712
120.861825 21.916942
120.862045 21.912802
120.861195 21.910172
120.861755 21.907022
120.865584 21.901912
120.866694 21.900742
120.865774 21.898682
120.861654 21.896592
120.854554 21.896693
120.850484 21.898683
120.848604 21.900733
120.848415 21.904853
120.847525 21.905113
120.847395 21.912343
120.845485 21.914433
120.841385 21.914763
120.836635 21.916384
120.833906 21.921154
120.832216 21.923924
120.823956 21.930804
120.822387 21.934374
120.819997 21.934974
120.813627 21.933305
120.810317 21.934215
120.809087 21.935235
120.806447 21.937465
120.806077 21.940665
120.803467 21.940665
120.802737 21.937685
120.799247 21.937305
120.798357 21.938315
120.798167 21.942375
120.793318 21.944286
120.788438 21.944786
120.782768 21.944116
120.779388 21.946776
120.777598 21.950006
120.773888 21.950597
120.770758 21.952567
120.768049 21.956147
120.766539 21.958797
120.761629 21.958847
120.758029 21.957177
120.755999 21.956687
120.755879 21.955437
120.755609 21.953938
120.752869 21.952958
120.748898 21.950548
120.746808 21.947418
120.746358 21.945388
120.745118 21.945828
120.743598 21.944288
120.743688 21.941348
120.745548 21.939928
120.745388 21.938638
120.746898 21.934208
120.746467 21.931598
120.744148 21.931988
120.742797 21.928068
120.739997 21.925688
120.739677 21.919298
120.732347 21.919029
120.728827 21.918249
120.723767 21.920979
120.718588 21.928479
120.719038 21.933139
120.715238 21.935159
120.713108 21.93398 
120.711138 21.93412 
120.710138 21.93964 
120.712129 21.95084 
120.71264  21.96541  
120.71574  21.972209 
120.714151 21.98059 
120.711391 21.9849  
120.711961 21.98585 
120.708231 21.98695 
120.706711 21.99138 
120.706292 21.99505 
120.704032 21.99539 
120.700072 21.99777 
120.693872 22.00563 
120.693302 22.007751
120.692713 22.009971
120.693063 22.011581
120.688523 22.018371
120.686073 22.025161
120.686074 22.030001
120.688874 22.035821
120.692714 22.038731
120.693754 22.04034 
120.694804 22.04196 
120.696204 22.04131 
120.697604 22.04228 
120.697254 22.04357 
120.695154 22.04389 
120.694805 22.04971 
120.696555 22.05423 
120.698645 22.05585 
120.700395 22.0565  
120.703885 22.05391 
120.705985 22.05585 
120.705985 22.0565  
120.706685 22.05941 
120.706686 22.06748 
120.703886 22.07621 
120.702836 22.08008 
120.700396 22.08138 
120.699347 22.08331 
120.701097 22.08655 
120.703887 22.08655 
120.712617 22.09107 
120.714717 22.090749
120.716807 22.092359
120.716807 22.095589
120.715767 22.096239
120.715767 22.099149
120.715767 22.102699
120.715768 22.105279
120.714718 22.107549
120.712268 22.10981 
120.712268 22.11466 
120.710878 22.11466 
120.709478 22.11562 
120.709478 22.11692 
120.710528 22.11789 
120.709129 22.12047 
120.709479 22.12403 
120.708079 22.12532 
120.707039 22.1279  
120.704939 22.1292  
120.702499 22.13081 
120.702499 22.13436 
120.70319  22.13663  
120.7025   22.13824   
120.70075  22.13824  
120.6983   22.13953   
120.69836  22.14272  
120.69798  22.14422  
120.70023  22.14757  
120.70023  22.14988  
120.699481 22.15207 
120.697111 22.15369 
120.696111 22.15843 
120.696991 22.16078 
120.695491 22.16494 
120.695491 22.16817 
120.693592 22.17054 
120.693032 22.17734 
120.691502 22.179721
120.690003 22.185251
120.689503 22.188021
120.685513 22.192181
120.684023 22.197261
120.684543 22.201181
120.686564 22.206491
120.684024 22.212491
120.680914 22.216131
120.678575 22.218301
120.676545 22.222651
120.677445 22.223901
120.675045 22.226811
120.675585 22.227711
120.672195 22.233691
120.669056 22.236962
120.664566 22.241582
120.658296 22.247672
120.651517 22.251632
120.649107 22.254043
120.649107 22.255893
120.650607 22.263283
120.652098 22.266052
120.651268 22.269273
120.649088 22.274203
120.648038 22.279213
120.646119 22.283133
120.644489 22.285863
120.643619 22.290063
120.64213  22.302523 
120.63863  22.307143 
120.632151 22.316833
120.623171 22.325604
120.616692 22.331154
120.609702 22.335765
120.605712 22.340525
120.602003 22.347325
120.600973 22.352405
120.591714 22.362555
120.591364 22.364775
120.581075 22.374616
120.567006 22.385087
120.546756 22.396828
120.533027 22.404118
120.518278 22.411099
120.512098 22.414909
120.510038 22.41555 
120.504548 22.4184  
120.502148 22.42062 
120.491849 22.42506 
120.482929 22.429821
120.481209 22.430461
120.478009 22.432031
120.477219 22.432241
120.476219 22.432651
120.474759 22.433591
120.47174  22.435141 
120.47062  22.436071 
120.46726  22.437832 
120.46346  22.440212 
120.46111  22.442072 
120.45965  22.442692 
120.4573   22.444962  
120.45473  22.446312 
120.453611 22.447862
120.452161 22.448272
120.448691 22.451693
120.446781 22.453863
120.445441 22.454683
120.444661 22.456243
120.443431 22.457373
120.441411 22.459653
120.439852 22.461723
120.438842 22.463583
120.438502 22.463683
120.438502 22.464513
120.436942 22.465133
120.437102 22.466113
120.439002 22.467863
120.440802 22.468513
120.439902 22.470173
120.437902 22.470823
120.434402 22.473783
120.432402 22.474613
120.427702 22.475904
120.424003 22.476824
120.421803 22.476874
120.421253 22.476104
120.413243 22.475854
120.409233 22.476745
120.407443 22.477005
120.403433 22.478915
120.401773 22.479425
120.400953 22.479425
120.400253 22.478275
120.399293 22.478275
120.398463 22.478785
120.398603 22.480705
120.397493 22.481725
120.395423 22.482875
120.392523 22.485425
120.390584 22.486316
120.389894 22.487216
120.388374 22.487846
120.382714 22.491806
120.377744 22.494356
120.375534 22.495886
120.374564 22.496396
120.372634 22.498186
120.368625 22.500867
120.364205 22.504567
120.360615 22.507497
120.358685 22.507037
120.359375 22.507877
120.354126 22.513367
120.352996 22.514337
120.350396 22.516558
120.346906 22.518958
120.340556 22.522968
120.338066 22.524798
120.334907 22.527998
120.332587 22.530758
120.330877 22.533229
120.330877 22.533799
120.331057 22.534679
120.329807 22.533909
120.325807 22.536979
120.323317 22.539909
120.322627 22.539909
120.320828 22.541439
120.319308 22.541439
120.314338 22.547309
120.316688 22.548969
120.316858 22.551759
120.318648 22.551519
120.321798 22.550999
120.322808 22.549989
120.324908 22.547709
120.329557 22.541509
120.330827 22.540899
120.331657 22.539728
120.335157 22.539768
120.338177 22.541158
120.340497 22.541518
120.346517 22.536998
120.348467 22.537098
120.349147 22.537838
120.342467 22.542848
120.346528 22.545958
120.346008 22.547288
120.341587 22.543878
120.340188 22.544528
120.336068 22.549188
120.339438 22.551828
120.337948 22.553128
120.331738 22.549138
120.329498 22.552309
120.335318 22.556208
120.333828 22.558278
120.327138 22.554579
120.324728 22.557659
120.327609 22.559979
120.326689 22.560459
120.321578 22.557129
120.317799 22.561469
120.317829 22.561489
120.315349 22.564099
120.314209 22.566009
120.310309 22.57047 
120.309079 22.57136 
120.30426  22.57756  
120.30018  22.58247  
120.29751  22.58433  
120.292731 22.5918  
120.288691 22.598241
120.288121 22.599991
120.281932 22.609921
120.283422 22.610821
120.285222 22.610131
120.287582 22.609121
120.292272 22.606941
120.295651 22.59809 
120.298331 22.59647 
120.300211 22.5914  
120.301661 22.59173 
120.296562 22.60609 
120.296772 22.6097  
120.296372 22.60915 
120.290052 22.612151
120.291432 22.614781
120.292712 22.61729 
120.292412 22.618061
120.290232 22.618851
120.288722 22.616221
120.280273 22.620331
120.279183 22.620291
120.279943 22.619661
120.279843 22.619291
120.282383 22.618201
120.289252 22.614961
120.288392 22.613711
120.287842 22.613471
120.284622 22.615211
120.282042 22.616301
120.280942 22.616801
120.280082 22.617171
120.276393 22.618611
120.269273 22.617802
120.265263 22.617042
120.265723 22.617612
120.265873 22.620002
120.265263 22.620852
120.265413 22.623112
120.264033 22.624102
120.263273 22.623682
120.262813 22.622412
120.262503 22.623682
120.262813 22.623962
120.262813 22.628052
120.261134 22.632292
120.260514 22.632572
120.257154 22.635962
120.256384 22.636102
120.255474 22.639352
120.254394 22.640202
120.251794 22.645423
120.250885 22.649663
120.249965 22.650793
120.249965 22.651923
120.250725 22.652763
120.250725 22.655593
120.250425 22.656863
120.250885 22.659403
120.251795 22.660813
120.250886 22.663073
120.252255 22.663073
120.251036 22.664343
120.253176 22.664623
120.253176 22.665473
120.255166 22.666742
120.256386 22.668722
120.257646 22.668872
120.258886 22.668982
120.260126 22.669922
120.262496 22.672522
120.263966 22.675222
120.264416 22.678552
120.263847 22.683752
120.263627 22.686042
120.263967 22.686872
120.263517 22.688952
120.261817 22.689792
120.261367 22.691032
120.264527 22.690202
120.265657 22.689062
120.267007 22.683962
120.267456 22.681052
120.268246 22.680012
120.270056 22.680212
120.270386 22.680842
120.271966 22.682192
120.271516 22.683542
120.272536 22.682612
120.274676 22.683751
120.271177 22.687912
120.273657 22.689792
120.273547 22.694572
120.271407 22.694992
120.271407 22.695822
120.270847 22.696442
120.271857 22.696442
120.271967 22.695922
120.274567 22.695921
120.274677 22.698111
120.272417 22.698112
120.271747 22.697482
120.270957 22.697902
120.271297 22.699252
120.271067 22.700922
120.274447 22.700921
120.274788 22.704031
120.268528 22.705602
120.268698 22.706222
120.268198 22.706902
120.267408 22.706692
120.267688 22.705392
120.266388 22.706322
120.266218 22.706222
120.266168 22.705802
120.265828 22.705232
120.265658 22.703672
120.264138 22.702582
120.263798 22.701332
120.263058 22.700402
120.263058 22.699722
120.262837 22.698782
120.262837 22.698112
120.265487 22.696702
120.263677 22.697222
120.260467 22.695092
120.259457 22.695872
120.257877 22.695402
120.259847 22.696502
120.261537 22.696552
120.261707 22.696702
120.262107 22.698372
120.261818 22.699932
120.260078 22.705232
120.257878 22.710282
120.257928 22.710952
120.256688 22.712412
120.257028 22.713762
120.255789 22.716422
120.255229 22.717562
120.255179 22.718062
120.254309 22.721423
120.252849 22.723973
120.251679 22.723973
120.251679 22.725593
120.251249 22.727073
120.249789 22.728553
120.24526  22.737833 
120.24526  22.740253 
120.24298  22.743773 
120.238821 22.750973
120.235991 22.757263
120.234111 22.761384
120.229872 22.772024
120.227282 22.776364
120.224453 22.783314
120.221393 22.788744
120.219514 22.794814
120.218334 22.796124
120.215034 22.803295
120.214094 22.805465
120.211275 22.812625
120.208685 22.820215
120.204916 22.828665
120.199737 22.843205
120.198557 22.844285
120.198557 22.845805
120.196907 22.849706
120.195257 22.849926
120.194787 22.852966
120.193378 22.859906
120.193138 22.862726
120.190079 22.873346
120.18302  22.888966 
120.176661 22.907187
120.175721 22.912177
120.175251 22.913697
120.173831 22.915427
120.174072 22.919987
120.175482 22.924537
120.174773 22.942757
120.172893 22.949267
120.168654 22.958377
120.164654 22.965747
120.164185 22.967697
120.163005 22.968567
120.163055 22.970587
120.161995 22.970887
120.160505 22.971668
120.159865 22.973928
120.158265 22.975688
120.154645 22.980498
120.149536 22.985498
120.148576 22.985888
120.147726 22.987458
120.146336 22.989018
120.144636 22.990688
120.143146 22.992258
120.142186 22.993238
120.141126 22.995589
120.141127 22.996769
120.141867 22.997259
120.142507 22.998238
120.143147 23.000198
120.140697 22.999019
120.139627 22.997549
120.139846 22.996379
120.138247 22.996379
120.132217 23.001299
120.124047 23.007999
120.108888 23.02058 
120.087449 23.032481
120.076    23.038262   
120.0686   23.039962  
120.06528  23.041322 
120.06269  23.041323 
120.05789  23.038943 
120.0553   23.040633  
120.049751 23.046413
120.043471 23.056614
120.041992 23.063074
120.035342 23.074294
120.031273 23.081434
120.031273 23.090614
120.034974 23.098094
120.036454 23.106594
120.040145 23.112374
120.046065 23.115774
120.046805 23.117804
120.051605 23.127323
120.054566 23.131743
120.057896 23.132083
120.057156 23.134803
120.058257 23.158263
120.060477 23.164043
120.067138 23.179343
120.069039 23.183653
120.069669 23.185672
120.071869 23.191442
120.076569 23.198652
120.08066  23.207022 
120.08348  23.216252 
120.082851 23.220282
120.083801 23.222022
120.082851 23.232402
120.085052 23.235862
120.089042 23.237802
120.091332 23.241051
120.091332 23.242211
120.088192 23.243652
120.088192 23.246532
120.091963 23.258361
120.095104 23.274511
120.095735 23.292391
120.098245 23.296141
120.102015 23.296141
120.107665 23.297301
120.106405 23.301911
120.109545 23.305951
120.113946 23.31316 
120.115826 23.3195  
120.114257 23.32556 
120.116137 23.32729 
120.116137 23.32873 
120.113947 23.33191 
120.114257 23.33595 
120.116708 23.34127 
120.118988 23.34827 
120.122548 23.35503 
120.131439 23.36482 
120.133469 23.366869
120.155569 23.369488
120.154809 23.374848
120.156079 23.375778
120.156459 23.378758
120.154809 23.376248
120.146929 23.376479
120.14947  23.384179 
120.15532  23.384638 
120.156839 23.379278
120.1576   23.383238  
120.15913  23.385808 
120.16116  23.389768 
120.1637   23.393038  
120.16167  23.394438 
120.16141  23.397938 
120.159761 23.405028
120.154451 23.403438
120.153511 23.398258
120.151311 23.398259
120.149431 23.405749
120.149111 23.412369
120.147232 23.414969
120.150682 23.418129
120.149432 23.419289
120.149742 23.423319
120.152252 23.424179
120.154762 23.427928
120.150682 23.425619
120.148172 23.425329
120.148172 23.426769
120.145343 23.428789
120.145663 23.432819
120.147233 23.435699
120.146603 23.437139
120.147863 23.438869
120.154144 23.447508
120.151624 23.448949
120.152254 23.452979
120.146914 23.453269
120.135614 23.447219
120.132794 23.45125 
120.133734 23.45413 
120.139384 23.457879
120.144404 23.460179
120.144095 23.463059
120.145345 23.463919
120.143775 23.469689
120.144725 23.473429
120.147235 23.474869
120.148175 23.474289
120.149115 23.475159
120.148175 23.477169
120.150686 23.482639
120.153516 23.482929
120.154146 23.487249
120.153826 23.489559
120.155396 23.490998
120.158536 23.491278
120.158536 23.494448
120.152256 23.493299
120.128396 23.48725 
120.123996 23.4884  
120.119287 23.49388 
120.118038 23.51634 
120.120548 23.51922 
120.124628 23.52066 
120.131538 23.51979 
120.132168 23.51922 
120.138128 23.519219
120.137628 23.522959
120.140009 23.528719
120.141469 23.529519
120.144379 23.527379
120.146119 23.527649
120.149909 23.531649
120.152819 23.533789
120.152819 23.536189
120.150779 23.535649
120.145539 23.538319
120.144089 23.541789
120.14525  23.544459 
120.14845  23.544989 
120.14496  23.547399 
120.14263  23.547669 
120.13972  23.549529 
120.14088  23.557539 
120.139721 23.559669
120.140591 23.561539
120.142631 23.565539
120.143801 23.572749
120.142051 23.572219
120.140011 23.573819
120.141473 23.591699
120.143503 23.593839
120.144383 23.594099
120.144383 23.598369
120.141173 23.598639
120.142054 23.611179
120.141174 23.612249
120.140594 23.611979
120.139144 23.61785 
120.137104 23.61919 
120.139054 23.62141 
120.140024 23.62186 
120.140025 23.62363 
120.141235 23.628529
120.140995 23.628979
120.140755 23.632319
120.141485 23.632759
120.141725 23.635429
120.140755 23.637209
120.141236 23.639439
120.141725 23.636769
120.142215 23.636539
120.142456 23.640099
120.141486 23.640989
120.142216 23.643889
120.141966 23.644779
120.141966 23.648339
120.142936 23.649899
120.143666 23.649449
120.145366 23.652339
120.148766 23.653459
120.150226 23.653459
120.149006 23.653899
120.149496 23.655239
120.149256 23.656129
120.149257 23.657239
120.148767 23.658129
120.149737 23.658129
120.151677 23.660799
120.150467 23.663919
120.152167 23.668139
120.154837 23.668139
120.155317 23.668809
120.152647 23.669699
120.154837 23.672819
120.157987 23.673709
120.158968 23.675039
120.159208 23.677049
120.160908 23.680609
120.163818 23.685498
120.165758 23.687058
120.170618 23.691728
120.172559 23.695958
120.174259 23.697078
120.174259 23.697738
120.167459 23.699298
120.165959 23.702168
120.162119 23.701748
120.160419 23.705089
120.16042  23.708649 
120.16212  23.711758 
120.15872  23.715989 
120.15921  23.717549 
120.16139  23.718219 
120.16309  23.721778 
120.163821 23.725118
120.166011 23.727338
120.169161 23.731568
120.169401 23.734018
120.171101 23.736238
120.173771 23.737798
120.173052 23.742248
120.174022 23.746478
120.175962 23.748708
120.176202 23.752268
120.177662 23.754048
120.187612 23.754267
120.186882 23.756717
120.185432 23.759167
120.183732 23.759167
120.183733 23.761837
120.184703 23.762727
120.184703 23.767177
120.187373 23.768507
120.188343 23.771627
120.186883 23.773407
120.185913 23.775187
120.183483 23.775187
120.187124 23.780087
120.188584 23.783197
120.189794 23.784757
120.192474 23.784537
120.192224 23.782977
120.192224 23.779857
120.190283 23.775857
120.191253 23.774737
120.192953 23.776077
120.193444 23.779417
120.195624 23.784977
120.199024 23.786757
120.198294 23.788317
120.199504 23.790987
120.199504 23.793437
120.202184 23.792767
120.203634 23.794996
120.210674 23.790986
120.212374 23.792546
120.213584 23.793656
120.214564 23.793656
120.214804 23.796106
120.216254 23.794996
120.218924 23.798326
120.218925 23.798776
120.219905 23.800996
120.219175 23.801896
120.220385 23.804116
120.217235 23.804786
120.218685 23.805896
120.217235 23.807236
120.219175 23.806346
120.222085 23.806115
120.223785 23.808125
120.224995 23.810345
120.223055 23.811235
120.223295 23.813015
120.224515 23.815245
120.227186 23.816575
120.225726 23.817025
120.224276 23.819695
120.226216 23.819245
120.227186 23.820585
120.224996 23.821475
120.224026 23.822585
120.226216 23.822145
120.227426 23.822365
120.226946 23.823035
120.226946 23.824145
120.227186 23.826375
120.228886 23.826375
120.228636 23.827705
120.229616 23.828595
120.230826 23.829705
120.232526 23.829705
120.231796 23.832155
120.233736 23.831715
120.235676 23.831715
120.234226 23.832825
120.230097 23.833275
120.226947 23.833715
120.226217 23.833935
120.227917 23.835495
120.231797 23.836605
120.232767 23.837495
120.232767 23.839055
120.233257 23.839725
120.237137 23.840615
120.238837 23.839725
120.243447 23.839274
120.245387 23.838614
120.245877 23.839494
120.248787 23.838164
120.251217 23.839724
120.251217 23.841054
120.254617 23.841944
120.254617 23.843064
120.256797 23.843724
120.258747 23.843284
120.258747 23.844174
120.260927 23.845283
120.261897 23.845953
120.261417 23.848623
120.259717 23.849514
120.260687 23.850854
120.266507 23.850623
120.266507 23.851513
120.264087 23.853963
120.262628 23.855303
120.262138 23.856633
120.260928 23.857743
120.262868 23.857973
120.262868 23.860643
120.258988 23.865534
120.262138 23.865763
120.265058 23.863313
120.266998 23.858863
120.267478 23.858863
120.269178 23.861313
120.271848 23.865983
120.273548 23.866423
120.274518 23.865983
120.276948 23.867543
120.280838 23.870652
120.287388 23.874882
120.288119 23.879552
120.289329 23.882452
120.293459 23.886902
120.295159 23.889792
120.295399 23.891352
120.29686  23.894462 
120.29715  23.895922 
120.30472  23.907431 
120.30594  23.910411 
120.307571 23.912641
120.307571 23.913761
120.311641 23.920831
120.318572 23.935721
120.326722 23.94689 
120.333243 23.95695 
120.336903 23.96253 
120.337723 23.96476 
120.339754 23.966249
120.339754 23.968479
120.323464 23.96737 
120.322644 23.97109 
120.329575 23.9871  
120.329575 23.98859 
120.331615 23.98971 
120.336095 23.99008 
120.336905 23.9912  
120.336905 23.99269 
120.338945 23.99194 
120.340985 23.993429
120.344245 23.994169
120.344645 23.995659
120.342615 23.997899
120.346685 23.996779
120.347505 23.998639
120.348726 24.002369
120.349946 24.003479
120.352386 24.007209
120.352386 24.008319
120.354836 24.010929
120.357687 24.017629
120.357687 24.019859
120.359317 24.020609
120.367877 24.030658
120.369097 24.031028
120.370317 24.032518
120.368278 24.035868
120.371948 24.038848
120.372898 24.040528
120.373808 24.041568
120.376538 24.042398
120.379498 24.043437
120.379498 24.045097
120.382688 24.045307
120.396808 24.051957
120.399988 24.054446
120.403408 24.053616
120.407508 24.056936
120.406599 24.058396
120.407509 24.063376
120.410919 24.071066
120.413649 24.071066
120.41616  24.076466 
120.39248  24.076467 
120.39681  24.085817 
120.41934  24.085605 
120.4157   24.077706  
120.41638  24.077506 
120.41798  24.079995 
120.42367  24.085185 
120.42708  24.084145 
120.43004  24.087685 
120.43483  24.089555 
120.4346   24.093085  
120.435281 24.095365
120.433911 24.096615
120.431411 24.095985
120.437562 24.120714
120.437332 24.124654
120.415933 24.125286
120.419343 24.135665
120.422534 24.140035
120.428684 24.146675
120.439154 24.158724
120.458734 24.158933
120.463744 24.161213
120.466705 24.165163
120.470345 24.168903
120.468975 24.169733
120.469895 24.171813
120.474215 24.173893
120.475585 24.175962
120.475585 24.177422
120.477635 24.180742
120.475585 24.181573
120.475126 24.183233
120.477176 24.184272
120.479226 24.187182
120.479456 24.189052
120.482186 24.193212
120.485376 24.191752
120.486506 24.195072
120.491516 24.192792
120.490386 24.196172
120.488617 24.202652
120.488907 24.205892
120.492757 24.213442
120.487137 24.206702
120.477957 24.209662
120.484468 24.222892
120.493348 24.219112
120.492757 24.214792
120.497488 24.220191
120.498968 24.221271
120.502818 24.228281
120.504598 24.228551
120.505478 24.230981
120.506368 24.233951
120.500159 24.240701
120.502229 24.245821
120.501339 24.247171
120.49128  24.251222 
120.49365  24.254732 
120.49866  24.255511 
120.50075  24.259851 
120.501641 24.266331
120.499861 24.267411
120.508442 24.283601
120.509922 24.283331
120.510702 24.287471
120.511402 24.292191
120.523892 24.29971 
120.524372 24.29477 
120.526962 24.29863 
120.531203 24.30615 
120.526723 24.30958 
120.537563 24.311509
120.541103 24.307859
120.548882 24.305499
120.549823 24.312799
120.552884 24.325679
120.552184 24.326329
120.553124 24.326969
120.553124 24.328689
120.551944 24.329329
120.550764 24.332549
120.551514 24.334289
120.549854 24.335499
120.551514 24.335499
120.552014 24.336099
120.551024 24.336399
120.552185 24.338209
120.553005 24.339569
120.553345 24.340479
120.554335 24.340628
120.555165 24.341538
120.556825 24.342288
120.557815 24.342898
120.559145 24.342588
120.560305 24.342588
120.560135 24.343648
120.559305 24.345158
120.560635 24.345458
120.562295 24.348478
120.566435 24.351948
120.568425 24.352858
120.571075 24.355118
120.572905 24.356027
120.573565 24.356027
120.574556 24.357987
120.575886 24.359197
120.576716 24.361457
120.576716 24.362217
120.577876 24.363277
120.579196 24.363877
120.581356 24.365087
120.581356 24.366137
120.582686 24.368107
120.583016 24.368707
120.583016 24.374597
120.583677 24.376707
120.583847 24.378067
120.584837 24.380937
120.586167 24.381537
120.585007 24.381687
120.584507 24.384707
120.586657 24.386827
120.588647 24.388937
120.588817 24.389847
120.589148 24.391807
120.589648 24.393017
120.589978 24.394977
120.589808 24.397997
120.590478 24.399207
120.589808 24.399807
120.590968 24.400407
120.590968 24.401617
120.591638 24.402377
120.591798 24.403277
120.592468 24.403736
120.592468 24.404636
120.593458 24.405236
120.593458 24.406596
120.594118 24.407506
120.595318 24.407656
120.595699 24.410096
120.597229 24.410556
120.597999 24.411486
120.597999 24.412306
120.600809 24.413926
120.602589 24.416376
120.603999 24.417066
120.605529 24.419746
120.606679 24.420086
120.607959 24.422066
120.609359 24.422536
120.609359 24.421136
120.610509 24.420906
120.611529 24.421485
120.612299 24.422415
120.612299 24.423575
120.613059 24.423225
120.613829 24.424625
120.614469 24.425325
120.613569 24.427525
120.61485  24.428575 
120.61562  24.429735 
120.6174   24.431015  
120.61791  24.432645 
120.6183   24.432645  
120.61894  24.434045 
120.61881  24.435085 
120.62034  24.437175 
120.62034  24.438345 
120.62072  24.438695 
120.62047  24.440085 
120.62149  24.440785 
120.62305  24.441715 
120.62553  24.442615 
120.62553  24.443975 
120.62826  24.445105 
120.62875  24.445775 
120.631231 24.447134
120.63123  24.445324 
120.63272  24.444194 
120.634461 24.447354
120.636191 24.448034
120.638681 24.451194
120.645621 24.456844
120.648351 24.459554
120.654071 24.461593
120.653691 24.462993
120.656371 24.466823
120.657902 24.470653
120.661732 24.474833
120.662882 24.479363
120.667092 24.483543
120.671682 24.483892
120.672073 24.485982
120.671682 24.485632
120.666333 24.489113
120.670923 24.494692
120.674363 24.498872
120.685855 24.520462
120.687765 24.520811
120.689685 24.525341
120.691975 24.535441
120.695426 24.547631
120.699637 24.554951
120.703467 24.561571
120.706907 24.56853 
120.706908 24.57167 
120.708698 24.57349 
120.710208 24.57762 
120.710818 24.58396 
120.714459 24.58975 
120.714459 24.59196 
120.720219 24.59995 
120.723249 24.60271 
120.72355  24.60546  
120.7281   24.608769  
120.73719  24.611799 
120.74113  24.609869 
120.743559 24.607118
120.745989 24.607668
120.7475   24.610428  
120.75841  24.614008 
120.75872  24.623108 
120.75781  24.623658 
120.74962  24.617318 
120.7478   24.617868  
120.75599  24.625858 
120.758721 24.631098
120.760231 24.637718
120.766602 24.646257
120.770242 24.649017
120.770242 24.653707
120.773572 24.652327
120.779332 24.658937
120.779632 24.661147
120.786303 24.663076
120.791462 24.663626
120.801162 24.664455
120.803892 24.665835
120.807522 24.666105
120.819042 24.669414
120.822082 24.668034
120.828442 24.669414
120.829603 24.672424
120.829603 24.675504
120.831633 24.677044
120.832983 24.682264
120.836033 24.683494
120.839753 24.686573
120.844163 24.689953
120.847544 24.693023
120.853304 24.698253
120.857704 24.698562
120.859394 24.700092
120.859394 24.701632
120.862445 24.710242
120.862785 24.713312
120.864815 24.721312
120.866175 24.722532
120.865495 24.724382
120.874636 24.731141
120.878366 24.735141
120.884456 24.739141
120.886826 24.740671
120.889196 24.740671
120.899016 24.74651 
120.900376 24.74651 
120.902747 24.74867 
120.904437 24.75266 
120.906127 24.75635 
120.906127 24.76189 
120.903087 24.75912 
120.901387 24.7585  
120.901387 24.76035 
120.903758 24.76342 
120.905788 24.76496 
120.907148 24.76619 
120.912228 24.779719
120.911889 24.790169
120.912569 24.791089
120.912569 24.793239
120.913919 24.795089
120.91494  24.798779 
120.91494  24.800619 
120.9129   24.804309  
120.91392  24.804919 
120.91528  24.808299 
120.91595  24.811069 
120.91053  24.80892  
120.908161 24.81015 
120.906131 24.81445 
120.906471 24.81845 
120.908501 24.82398 
120.908841 24.8246  
120.911892 24.829519
120.914262 24.834129
120.915282 24.834129
120.916972 24.836889
120.920692 24.841199
120.923743 24.845189
120.925773 24.847349
120.925773 24.850729
120.927133 24.852569
120.931533 24.852568
120.934643 24.853248
120.935923 24.853248
120.937213 24.854888
120.937213 24.857448
120.938753 24.859078
120.939783 24.859548
120.940553 24.860938
120.942603 24.862108
120.943374 24.863968
120.946464 24.868398
120.950064 24.873287
120.948264 24.873747
120.948514 24.876077
120.950575 24.880967
120.952635 24.885397
120.954945 24.889357
120.958025 24.894247
120.960335 24.896347
120.961886 24.898907
120.964706 24.901467
120.968046 24.904496
120.970366 24.907296
120.969076 24.907526
120.970366 24.910086
120.969076 24.910086
120.966766 24.910556
120.965736 24.907297
120.963676 24.903337
120.964456 24.907297
120.966506 24.911017
120.968047 24.917776
120.971647 24.923136
120.974477 24.928486
120.977047 24.930116
120.979358 24.931516
120.980898 24.934316
120.982958 24.936176
120.985778 24.937345
120.986808 24.939205
120.985778 24.939905
120.987578 24.942235
120.988868 24.945265
120.990409 24.948525
120.992459 24.950385
120.993229 24.950385
120.998629 24.954345
120.999139 24.955045
121.000939 24.956445
121.002739 24.959005
121.002739 24.960405
121.005049 24.963194
121.006339 24.965064
121.009169 24.967154
121.01482  24.972744 
121.01508  24.976004 
121.01636  24.981364 
121.0161   24.983224  
121.017651 24.986724
121.017391 24.986954
121.015591 24.987184
121.012761 24.989054
121.016101 24.988124
121.018161 24.988124
121.015591 24.989524
121.016361 24.991844
121.017651 24.991844
121.019191 24.992784
121.020991 24.997434
121.021242 25.000704
121.023812 25.004663
121.025872 25.008623
121.028182 25.009553
121.033063 25.019563
121.043263 25.029712
121.054934 25.040952
121.073524 25.045241
121.095035 25.062099
121.122015 25.073658
121.138055 25.077627
121.155555 25.080266
121.170505 25.086215
121.173425 25.086215
121.175615 25.088195
121.182535 25.092495
121.189095 25.094474
121.199676 25.102734
121.206966 25.104713
121.212796 25.109013
121.232116 25.112982
121.233576 25.114962
121.241596 25.115291
121.242696 25.118261
121.246706 25.118921
121.248526 25.116281
121.250346 25.120241
121.259466 25.12223 
121.270766 25.11892 
121.283706 25.117269
121.290275 25.117269
121.294286 25.119578
121.295016 25.121558
121.299026 25.123868
121.310686 25.122218
121.323815 25.123207
121.336575 25.125846
121.350065 25.129805
121.365946 25.136934
121.391426 25.146713
121.400066 25.154143
121.409997 25.167442
121.415187 25.170182
121.412168 25.177282
121.409388 25.182572
121.406328 25.186842
121.409108 25.188362
121.412728 25.188102
121.418568 25.190372
121.418849 25.195402
121.423029 25.200691
121.425529 25.204971
121.43248  25.215291 
121.43888  25.21805  
121.44083  25.22082  
121.441391 25.22787 
121.444171 25.22863 
121.445841 25.23366 
121.445011 25.23416 
121.449181 25.24146 
121.449182 25.24398 
121.451362 25.24952 
121.454742 25.25178 
121.456692 25.251529
121.458922 25.250019
121.468382 25.251029
121.471162 25.253539
121.473382 25.256568
121.475052 25.256568
121.474782 25.260838
121.477562 25.261348
121.477283 25.266128
121.482293 25.270658
121.495093 25.275437
121.497313 25.277957
121.504553 25.278967
121.505943 25.281987
121.507333 25.282487
121.510113 25.283246
121.509004 25.289277
121.511224 25.290796
121.513453 25.285256
121.519853 25.284246
121.521523 25.286266
121.527363 25.285255
121.532933 25.288525
121.535434 25.292555
121.532934 25.294565
121.537664 25.300605
121.540444 25.297585
121.540994 25.295065
121.544893 25.292805
121.550733 25.291544
121.553793 25.293054
121.559913 25.291544
121.565483 25.294063
121.568263 25.297333
121.577723 25.298593
121.585233 25.292302
121.591633 25.291292
121.593583 25.292302
121.593583 25.290792
121.599422 25.288521
121.606382 25.283991
121.606662 25.281721
121.609442 25.280471
121.610552 25.280471
121.612222 25.279711
121.616121 25.278961
121.620011 25.27543 
121.626411 25.2699  
121.63392  25.25932  
121.63392  25.2553   
121.635319 25.250009
121.633919 25.23969 
121.645608 25.229119
121.648668 25.229619
121.652008 25.233399
121.652008 25.229619
121.654237 25.229118
121.650057 25.223829
121.654237 25.215028
121.661746 25.208478
121.663686 25.208978
121.664806 25.206468
121.670645 25.202438
121.674545 25.202437
121.677326 25.205457
121.679545 25.202437
121.685396 25.207727
121.687336 25.207727
121.686785 25.203697
121.689845 25.207466
121.692626 25.208976
121.700136 25.217036
121.703756 25.216786
121.699856 25.212256
121.692625 25.206716
121.692065 25.203196
121.695125 25.203196
121.685945 25.192877
121.685674 25.189857
121.688454 25.184317
121.693184 25.179786
121.699853 25.180036
121.702643 25.178016
121.703193 25.177016
121.705423 25.175506
121.709043 25.175755
121.709863 25.174795
121.710063 25.173555
121.708493 25.173025
121.709863 25.170365
121.706732 25.165586
121.709082 25.163995
121.711822 25.164345
121.716322 25.165935
121.720422 25.164345
121.722972 25.164345
121.723952 25.165235
121.727272 25.163284
121.730402 25.163284
121.732752 25.162044
121.733931 25.158324
121.735882 25.160094
121.738232 25.160804
121.741951 25.156734
121.749581 25.156553
121.753101 25.159203
121.755641 25.153713
121.757011 25.151063
121.75427  25.143443 
121.75095  25.140783 
121.74586  25.137773 
121.74136  25.131044 
121.742449 25.130704
121.74586  25.136713 
121.75564  25.142023 
121.7576   25.141673  
121.75819  25.146453 
121.76112  25.147343 
121.76151  25.149113 
121.76269  25.148932 
121.765231 25.151232
121.767971 25.153002
121.771691 25.155132
121.774431 25.155312
121.77638  25.152122 
121.7891   25.147871  
121.7846   25.148931  
121.78421  25.147341 
121.78675  25.144151 
121.78969  25.145391 
121.793799 25.140781
121.795559 25.142021
121.79536  25.143801 
121.79203  25.146801 
121.79673  25.147871 
121.79849  25.146801 
121.80808  25.14769  
121.80749  25.14627  
121.80632  25.14627  
121.804169 25.14433 
121.801819 25.14114 
121.802209 25.13742 
121.802499 25.13716 
121.804169 25.13565 
121.810189 25.13258 
121.826928 25.135769
121.823848 25.132979
121.821198 25.132579
121.818118 25.129789
121.820318 25.121009
121.829128 25.124599
121.828688 25.127389
121.833088 25.126989
121.834418 25.128589
121.841898 25.128588
121.859517 25.123797
121.862597 25.125397
121.863477 25.122597
121.867007 25.122597
121.869647 25.125397
121.874047 25.124596
121.876247 25.122596
121.884177 25.123396
121.889906 25.120605
121.900036 25.119805
121.905316 25.123395
121.907076 25.121805
121.912806 25.124194
121.916766 25.126984
121.925137 25.129784
121.925136 25.127384
121.923376 25.126194
121.923376 25.122994
121.920916 25.120764
121.920286 25.120204
121.919846 25.117814
121.913246 25.113424
121.918085 25.111824
121.922056 25.114224
121.923375 25.111424
121.923375 25.110624
121.924255 25.107434
121.923375 25.106244
121.925135 25.103844
121.921615 25.103844
121.919405 25.099054
121.919404 25.094674
121.915004 25.089884
121.914124 25.086684
121.917203 25.081504
121.916323 25.076314
121.919403 25.075524
121.924253 25.073124
121.925572 25.066344
121.932622 25.063543
121.929531 25.050383
121.929531 25.043603
121.93306  25.034423 
121.947149 25.020452
121.952869 25.022452
121.963879 25.022052
121.971369 25.025241
121.977539 25.025641
121.989868 25.02085 
121.990408 25.01237 
121.998038 25.01974 
122.002638 25.014869
122.005168 25.015549
122.004917 25.013169
122.005667 25.010899
122.005417 25.006819
122.004917 25.002969
122.002797 25.002139
121.996037 25.00229 
121.995157 24.99991 
121.987667 24.99691 
121.983256 24.99133 
121.976776 24.991521
121.976616 24.989521
121.972146 24.984611
121.968396 24.985741
121.967526 24.982791
121.966086 24.982951
121.963646 24.981912
121.962146 24.982822
121.956636 24.982372
121.953636 24.979192
121.951636 24.979642
121.951136 24.978732
121.948636 24.978732
121.944636 24.976013
121.941136 24.973293
121.938136 24.973293
121.935626 24.973293
121.932626 24.972843
121.931126 24.971483
121.926126 24.969664
121.922626 24.964224
121.922125 24.961954
121.921625 24.959234
121.919125 24.957874
121.919625 24.956054
121.919625 24.954244
121.917615 24.953334
121.917115 24.951514
121.915615 24.951974
121.913615 24.951064
121.912115 24.950614
121.911115 24.948795
121.909615 24.950155
121.909115 24.948795
121.905115 24.946985
121.904114 24.942905
121.905114 24.941545
121.904114 24.940635
121.899114 24.941085
121.895104 24.941085
121.894104 24.939725
121.893104 24.938366
121.891104 24.937456
121.888104 24.934286
121.886104 24.929296
121.887104 24.929296
121.887604 24.927026
121.888604 24.927026
121.887103 24.924306
121.885603 24.924306
121.885603 24.917946
121.882603 24.914776
121.880603 24.913866
121.878093 24.910236
121.876593 24.910236
121.872592 24.905697
121.871093 24.905697
121.867592 24.902977
121.867092 24.902977
121.864592 24.901167
121.863592 24.897087
121.860592 24.894817
121.859582 24.893457
121.854582 24.891638
121.853582 24.891638
121.846081 24.883018
121.841081 24.875308
121.83557  24.861699 
121.83157  24.853079 
121.828569 24.843549
121.823568 24.824949
121.820557 24.80771 
121.818746 24.79128 
121.818024 24.76785 
121.820893 24.74865 
121.825192 24.73368 
121.834871 24.716749
121.83702  24.713169 
121.83774  24.707319 
121.83738  24.702429 
121.837379 24.695599
121.836659 24.694619
121.837378 24.676719
121.839527 24.663379
121.841317 24.656219
121.843826 24.647759
121.844896 24.644179
121.850955 24.630338
121.850955 24.626998
121.855154 24.624128
121.855154 24.622218
121.860404 24.614098
121.865133 24.610278
121.875113 24.608357
121.875113 24.605967
121.879843 24.605497
121.885093 24.604056
121.886142 24.599756
121.875112 24.597367
121.877733 24.602147
121.874063 24.601197
121.868803 24.603107
121.867753 24.604537
121.865133 24.605018
121.859883 24.604058
121.859883 24.597848
121.861982 24.594978
121.865132 24.596898
121.868802 24.596897
121.868282 24.592587
121.867232 24.589727
121.867232 24.587817
121.870382 24.587817
121.874581 24.584467
121.877211 24.581597
121.880361 24.579687
121.874061 24.577297
121.871961 24.577777
121.868801 24.574917
121.87143  24.563447 
121.87091  24.555797 
121.871959 24.548627
121.874059 24.544807
121.872479 24.542417
121.874058 24.534297
121.869328 24.528087
121.861978 24.528088
121.859878 24.527128
121.857248 24.524738
121.849368 24.521868
121.844118 24.521869
121.839918 24.518529
121.838337 24.508499
121.839386 24.499409
121.842016 24.497979
121.847786 24.496549
121.850946 24.494158
121.849896 24.492729
121.851465 24.484128
121.860395 24.483648
121.861975 24.479348
121.857245 24.479348
121.853565 24.480298
121.848315 24.479349
121.845165 24.476959
121.841485 24.476479
121.838335 24.472179
121.833085 24.469789
121.833085 24.467879
121.825725 24.46597 
121.821524 24.46262 
121.819954 24.4588  
121.821524 24.45689 
121.816794 24.44876 
121.809443 24.440641
121.805243 24.439211
121.799143 24.431801
121.794742 24.422112
121.792902 24.415422
121.791071 24.407732
121.7885   24.393022  
121.787029 24.373642
121.785559 24.369292
121.782259 24.362612
121.777118 24.352243
121.774548 24.345223
121.770877 24.334863
121.770517 24.331183
121.773446 24.320823
121.774206 24.313503
>